{
 "cells": [
  {
   "cell_type": "code",
   "execution_count": 2,
   "metadata": {},
   "outputs": [],
   "source": [
    "import numpy as np\n",
    "import pandas as pd\n",
    "import plotly.express as px\n",
    "import plotly.offline as pyo\n",
    "import plotly.figure_factory as ff\n",
    "import plotly.subplots as sp\n",
    "import plotly.graph_objs as go\n",
    "\n",
    "from sklearn.preprocessing import MinMaxScaler\n",
    "from sklearn.preprocessing import StandardScaler\n",
    "\n",
    "from sklearn.model_selection import train_test_split\n",
    "from sklearn.linear_model import LinearRegression\n",
    "from sklearn.metrics import mean_squared_error, r2_score\n",
    "\n",
    "\n"
   ]
  },
  {
   "cell_type": "code",
   "execution_count": 3,
   "metadata": {},
   "outputs": [
    {
     "data": {
      "text/html": [
       "        <script type=\"text/javascript\">\n",
       "        window.PlotlyConfig = {MathJaxConfig: 'local'};\n",
       "        if (window.MathJax && window.MathJax.Hub && window.MathJax.Hub.Config) {window.MathJax.Hub.Config({SVG: {font: \"STIX-Web\"}});}\n",
       "        if (typeof require !== 'undefined') {\n",
       "        require.undef(\"plotly\");\n",
       "        requirejs.config({\n",
       "            paths: {\n",
       "                'plotly': ['https://cdn.plot.ly/plotly-2.14.0.min']\n",
       "            }\n",
       "        });\n",
       "        require(['plotly'], function(Plotly) {\n",
       "            window._Plotly = Plotly;\n",
       "        });\n",
       "        }\n",
       "        </script>\n",
       "        "
      ]
     },
     "metadata": {},
     "output_type": "display_data"
    }
   ],
   "source": [
    "pyo.init_notebook_mode(connected=True)\n"
   ]
  },
  {
   "cell_type": "code",
   "execution_count": 4,
   "metadata": {},
   "outputs": [
    {
     "data": {
      "text/html": [
       "<div>\n",
       "<style scoped>\n",
       "    .dataframe tbody tr th:only-of-type {\n",
       "        vertical-align: middle;\n",
       "    }\n",
       "\n",
       "    .dataframe tbody tr th {\n",
       "        vertical-align: top;\n",
       "    }\n",
       "\n",
       "    .dataframe thead th {\n",
       "        text-align: right;\n",
       "    }\n",
       "</style>\n",
       "<table border=\"1\" class=\"dataframe\">\n",
       "  <thead>\n",
       "    <tr style=\"text-align: right;\">\n",
       "      <th></th>\n",
       "      <th>Artist</th>\n",
       "      <th>Url_spotify</th>\n",
       "      <th>Track</th>\n",
       "      <th>Album</th>\n",
       "      <th>Album_type</th>\n",
       "      <th>Uri</th>\n",
       "      <th>Danceability</th>\n",
       "      <th>Energy</th>\n",
       "      <th>Key</th>\n",
       "      <th>Loudness</th>\n",
       "      <th>...</th>\n",
       "      <th>Url_youtube</th>\n",
       "      <th>Title</th>\n",
       "      <th>Channel</th>\n",
       "      <th>Views</th>\n",
       "      <th>Likes</th>\n",
       "      <th>Comments</th>\n",
       "      <th>Description</th>\n",
       "      <th>Licensed</th>\n",
       "      <th>official_video</th>\n",
       "      <th>Stream</th>\n",
       "    </tr>\n",
       "  </thead>\n",
       "  <tbody>\n",
       "    <tr>\n",
       "      <th>0</th>\n",
       "      <td>Gorillaz</td>\n",
       "      <td>https://open.spotify.com/artist/3AA28KZvwAUcZu...</td>\n",
       "      <td>Feel Good Inc.</td>\n",
       "      <td>Demon Days</td>\n",
       "      <td>album</td>\n",
       "      <td>spotify:track:0d28khcov6AiegSCpG5TuT</td>\n",
       "      <td>0.818</td>\n",
       "      <td>0.705</td>\n",
       "      <td>6.0</td>\n",
       "      <td>-6.679</td>\n",
       "      <td>...</td>\n",
       "      <td>https://www.youtube.com/watch?v=HyHNuVaZJ-k</td>\n",
       "      <td>Gorillaz - Feel Good Inc. (Official Video)</td>\n",
       "      <td>Gorillaz</td>\n",
       "      <td>693555221.0</td>\n",
       "      <td>6220896.0</td>\n",
       "      <td>169907.0</td>\n",
       "      <td>Official HD Video for Gorillaz' fantastic trac...</td>\n",
       "      <td>True</td>\n",
       "      <td>True</td>\n",
       "      <td>1.040235e+09</td>\n",
       "    </tr>\n",
       "    <tr>\n",
       "      <th>1</th>\n",
       "      <td>Gorillaz</td>\n",
       "      <td>https://open.spotify.com/artist/3AA28KZvwAUcZu...</td>\n",
       "      <td>Rhinestone Eyes</td>\n",
       "      <td>Plastic Beach</td>\n",
       "      <td>album</td>\n",
       "      <td>spotify:track:1foMv2HQwfQ2vntFf9HFeG</td>\n",
       "      <td>0.676</td>\n",
       "      <td>0.703</td>\n",
       "      <td>8.0</td>\n",
       "      <td>-5.815</td>\n",
       "      <td>...</td>\n",
       "      <td>https://www.youtube.com/watch?v=yYDmaexVHic</td>\n",
       "      <td>Gorillaz - Rhinestone Eyes [Storyboard Film] (...</td>\n",
       "      <td>Gorillaz</td>\n",
       "      <td>72011645.0</td>\n",
       "      <td>1079128.0</td>\n",
       "      <td>31003.0</td>\n",
       "      <td>The official video for Gorillaz - Rhinestone E...</td>\n",
       "      <td>True</td>\n",
       "      <td>True</td>\n",
       "      <td>3.100837e+08</td>\n",
       "    </tr>\n",
       "    <tr>\n",
       "      <th>2</th>\n",
       "      <td>Gorillaz</td>\n",
       "      <td>https://open.spotify.com/artist/3AA28KZvwAUcZu...</td>\n",
       "      <td>New Gold (feat. Tame Impala and Bootie Brown)</td>\n",
       "      <td>New Gold (feat. Tame Impala and Bootie Brown)</td>\n",
       "      <td>single</td>\n",
       "      <td>spotify:track:64dLd6rVqDLtkXFYrEUHIU</td>\n",
       "      <td>0.695</td>\n",
       "      <td>0.923</td>\n",
       "      <td>1.0</td>\n",
       "      <td>-3.930</td>\n",
       "      <td>...</td>\n",
       "      <td>https://www.youtube.com/watch?v=qJa-VFwPpYA</td>\n",
       "      <td>Gorillaz - New Gold ft. Tame Impala &amp; Bootie B...</td>\n",
       "      <td>Gorillaz</td>\n",
       "      <td>8435055.0</td>\n",
       "      <td>282142.0</td>\n",
       "      <td>7399.0</td>\n",
       "      <td>Gorillaz - New Gold ft. Tame Impala &amp; Bootie B...</td>\n",
       "      <td>True</td>\n",
       "      <td>True</td>\n",
       "      <td>6.306347e+07</td>\n",
       "    </tr>\n",
       "    <tr>\n",
       "      <th>3</th>\n",
       "      <td>Gorillaz</td>\n",
       "      <td>https://open.spotify.com/artist/3AA28KZvwAUcZu...</td>\n",
       "      <td>On Melancholy Hill</td>\n",
       "      <td>Plastic Beach</td>\n",
       "      <td>album</td>\n",
       "      <td>spotify:track:0q6LuUqGLUiCPP1cbdwFs3</td>\n",
       "      <td>0.689</td>\n",
       "      <td>0.739</td>\n",
       "      <td>2.0</td>\n",
       "      <td>-5.810</td>\n",
       "      <td>...</td>\n",
       "      <td>https://www.youtube.com/watch?v=04mfKJWDSzI</td>\n",
       "      <td>Gorillaz - On Melancholy Hill (Official Video)</td>\n",
       "      <td>Gorillaz</td>\n",
       "      <td>211754952.0</td>\n",
       "      <td>1788577.0</td>\n",
       "      <td>55229.0</td>\n",
       "      <td>Follow Gorillaz online:\\nhttp://gorillaz.com \\...</td>\n",
       "      <td>True</td>\n",
       "      <td>True</td>\n",
       "      <td>4.346636e+08</td>\n",
       "    </tr>\n",
       "    <tr>\n",
       "      <th>4</th>\n",
       "      <td>Gorillaz</td>\n",
       "      <td>https://open.spotify.com/artist/3AA28KZvwAUcZu...</td>\n",
       "      <td>Clint Eastwood</td>\n",
       "      <td>Gorillaz</td>\n",
       "      <td>album</td>\n",
       "      <td>spotify:track:7yMiX7n9SBvadzox8T5jzT</td>\n",
       "      <td>0.663</td>\n",
       "      <td>0.694</td>\n",
       "      <td>10.0</td>\n",
       "      <td>-8.627</td>\n",
       "      <td>...</td>\n",
       "      <td>https://www.youtube.com/watch?v=1V_xRb0x9aw</td>\n",
       "      <td>Gorillaz - Clint Eastwood (Official Video)</td>\n",
       "      <td>Gorillaz</td>\n",
       "      <td>618480958.0</td>\n",
       "      <td>6197318.0</td>\n",
       "      <td>155930.0</td>\n",
       "      <td>The official music video for Gorillaz - Clint ...</td>\n",
       "      <td>True</td>\n",
       "      <td>True</td>\n",
       "      <td>6.172597e+08</td>\n",
       "    </tr>\n",
       "  </tbody>\n",
       "</table>\n",
       "<p>5 rows × 27 columns</p>\n",
       "</div>"
      ],
      "text/plain": [
       "     Artist                                        Url_spotify  \\\n",
       "0  Gorillaz  https://open.spotify.com/artist/3AA28KZvwAUcZu...   \n",
       "1  Gorillaz  https://open.spotify.com/artist/3AA28KZvwAUcZu...   \n",
       "2  Gorillaz  https://open.spotify.com/artist/3AA28KZvwAUcZu...   \n",
       "3  Gorillaz  https://open.spotify.com/artist/3AA28KZvwAUcZu...   \n",
       "4  Gorillaz  https://open.spotify.com/artist/3AA28KZvwAUcZu...   \n",
       "\n",
       "                                           Track  \\\n",
       "0                                 Feel Good Inc.   \n",
       "1                                Rhinestone Eyes   \n",
       "2  New Gold (feat. Tame Impala and Bootie Brown)   \n",
       "3                             On Melancholy Hill   \n",
       "4                                 Clint Eastwood   \n",
       "\n",
       "                                           Album Album_type  \\\n",
       "0                                     Demon Days      album   \n",
       "1                                  Plastic Beach      album   \n",
       "2  New Gold (feat. Tame Impala and Bootie Brown)     single   \n",
       "3                                  Plastic Beach      album   \n",
       "4                                       Gorillaz      album   \n",
       "\n",
       "                                    Uri  Danceability  Energy   Key  Loudness  \\\n",
       "0  spotify:track:0d28khcov6AiegSCpG5TuT         0.818   0.705   6.0    -6.679   \n",
       "1  spotify:track:1foMv2HQwfQ2vntFf9HFeG         0.676   0.703   8.0    -5.815   \n",
       "2  spotify:track:64dLd6rVqDLtkXFYrEUHIU         0.695   0.923   1.0    -3.930   \n",
       "3  spotify:track:0q6LuUqGLUiCPP1cbdwFs3         0.689   0.739   2.0    -5.810   \n",
       "4  spotify:track:7yMiX7n9SBvadzox8T5jzT         0.663   0.694  10.0    -8.627   \n",
       "\n",
       "   ...                                  Url_youtube  \\\n",
       "0  ...  https://www.youtube.com/watch?v=HyHNuVaZJ-k   \n",
       "1  ...  https://www.youtube.com/watch?v=yYDmaexVHic   \n",
       "2  ...  https://www.youtube.com/watch?v=qJa-VFwPpYA   \n",
       "3  ...  https://www.youtube.com/watch?v=04mfKJWDSzI   \n",
       "4  ...  https://www.youtube.com/watch?v=1V_xRb0x9aw   \n",
       "\n",
       "                                               Title   Channel        Views  \\\n",
       "0         Gorillaz - Feel Good Inc. (Official Video)  Gorillaz  693555221.0   \n",
       "1  Gorillaz - Rhinestone Eyes [Storyboard Film] (...  Gorillaz   72011645.0   \n",
       "2  Gorillaz - New Gold ft. Tame Impala & Bootie B...  Gorillaz    8435055.0   \n",
       "3     Gorillaz - On Melancholy Hill (Official Video)  Gorillaz  211754952.0   \n",
       "4         Gorillaz - Clint Eastwood (Official Video)  Gorillaz  618480958.0   \n",
       "\n",
       "       Likes  Comments                                        Description  \\\n",
       "0  6220896.0  169907.0  Official HD Video for Gorillaz' fantastic trac...   \n",
       "1  1079128.0   31003.0  The official video for Gorillaz - Rhinestone E...   \n",
       "2   282142.0    7399.0  Gorillaz - New Gold ft. Tame Impala & Bootie B...   \n",
       "3  1788577.0   55229.0  Follow Gorillaz online:\\nhttp://gorillaz.com \\...   \n",
       "4  6197318.0  155930.0  The official music video for Gorillaz - Clint ...   \n",
       "\n",
       "  Licensed official_video        Stream  \n",
       "0     True           True  1.040235e+09  \n",
       "1     True           True  3.100837e+08  \n",
       "2     True           True  6.306347e+07  \n",
       "3     True           True  4.346636e+08  \n",
       "4     True           True  6.172597e+08  \n",
       "\n",
       "[5 rows x 27 columns]"
      ]
     },
     "execution_count": 4,
     "metadata": {},
     "output_type": "execute_result"
    }
   ],
   "source": [
    "raw_data = pd.read_csv(\"D:\\data\\Spotify_Youtube\\Spotify_Youtube.csv\",index_col=0)# lấy dữ liệu\n",
    "raw_data.head()# hiển thị dữ liệu"
   ]
  },
  {
   "cell_type": "code",
   "execution_count": 5,
   "metadata": {},
   "outputs": [
    {
     "name": "stdout",
     "output_type": "stream",
     "text": [
      "Artist                0\n",
      "Url_spotify           0\n",
      "Track                 0\n",
      "Album                 0\n",
      "Album_type            0\n",
      "Uri                   0\n",
      "Danceability          2\n",
      "Energy                2\n",
      "Key                   2\n",
      "Loudness              2\n",
      "Speechiness           2\n",
      "Acousticness          2\n",
      "Instrumentalness      2\n",
      "Liveness              2\n",
      "Valence               2\n",
      "Tempo                 2\n",
      "Duration_ms           2\n",
      "Url_youtube         470\n",
      "Title               470\n",
      "Channel             470\n",
      "Views               470\n",
      "Likes               541\n",
      "Comments            569\n",
      "Description         876\n",
      "Licensed            470\n",
      "official_video      470\n",
      "Stream              576\n",
      "dtype: int64\n",
      "Artist               object\n",
      "Url_spotify          object\n",
      "Track                object\n",
      "Album                object\n",
      "Album_type           object\n",
      "Uri                  object\n",
      "Danceability        float64\n",
      "Energy              float64\n",
      "Key                 float64\n",
      "Loudness            float64\n",
      "Speechiness         float64\n",
      "Acousticness        float64\n",
      "Instrumentalness    float64\n",
      "Liveness            float64\n",
      "Valence             float64\n",
      "Tempo               float64\n",
      "Duration_ms         float64\n",
      "Url_youtube          object\n",
      "Title                object\n",
      "Channel              object\n",
      "Views               float64\n",
      "Likes               float64\n",
      "Comments            float64\n",
      "Description          object\n",
      "Licensed             object\n",
      "official_video       object\n",
      "Stream              float64\n",
      "dtype: object\n"
     ]
    }
   ],
   "source": [
    "print(raw_data.isnull().sum())# in ra những thuộc tính và số lượng giá trị \"null\" tronng thuộc tính đó\n",
    "print(raw_data.dtypes)# in ra kiểu của thuộc tính"
   ]
  },
  {
   "cell_type": "code",
   "execution_count": 6,
   "metadata": {},
   "outputs": [
    {
     "data": {
      "text/html": [
       "<div>\n",
       "<style scoped>\n",
       "    .dataframe tbody tr th:only-of-type {\n",
       "        vertical-align: middle;\n",
       "    }\n",
       "\n",
       "    .dataframe tbody tr th {\n",
       "        vertical-align: top;\n",
       "    }\n",
       "\n",
       "    .dataframe thead th {\n",
       "        text-align: right;\n",
       "    }\n",
       "</style>\n",
       "<table border=\"1\" class=\"dataframe\">\n",
       "  <thead>\n",
       "    <tr style=\"text-align: right;\">\n",
       "      <th></th>\n",
       "      <th>Danceability</th>\n",
       "      <th>Energy</th>\n",
       "      <th>Key</th>\n",
       "      <th>Loudness</th>\n",
       "      <th>Speechiness</th>\n",
       "      <th>Acousticness</th>\n",
       "      <th>Instrumentalness</th>\n",
       "      <th>Liveness</th>\n",
       "      <th>Valence</th>\n",
       "      <th>Tempo</th>\n",
       "      <th>Duration_ms</th>\n",
       "      <th>Views</th>\n",
       "      <th>Likes</th>\n",
       "      <th>Comments</th>\n",
       "      <th>Stream</th>\n",
       "    </tr>\n",
       "  </thead>\n",
       "  <tbody>\n",
       "    <tr>\n",
       "      <th>count</th>\n",
       "      <td>20716.000000</td>\n",
       "      <td>20716.000000</td>\n",
       "      <td>20716.000000</td>\n",
       "      <td>20716.000000</td>\n",
       "      <td>20716.000000</td>\n",
       "      <td>20716.000000</td>\n",
       "      <td>20716.000000</td>\n",
       "      <td>20716.000000</td>\n",
       "      <td>20716.000000</td>\n",
       "      <td>20716.000000</td>\n",
       "      <td>2.071600e+04</td>\n",
       "      <td>2.024800e+04</td>\n",
       "      <td>2.017700e+04</td>\n",
       "      <td>2.014900e+04</td>\n",
       "      <td>2.014200e+04</td>\n",
       "    </tr>\n",
       "    <tr>\n",
       "      <th>mean</th>\n",
       "      <td>0.619777</td>\n",
       "      <td>0.635250</td>\n",
       "      <td>5.300348</td>\n",
       "      <td>-7.671680</td>\n",
       "      <td>0.096456</td>\n",
       "      <td>0.291535</td>\n",
       "      <td>0.055962</td>\n",
       "      <td>0.193521</td>\n",
       "      <td>0.529853</td>\n",
       "      <td>120.638340</td>\n",
       "      <td>2.247176e+05</td>\n",
       "      <td>9.393782e+07</td>\n",
       "      <td>6.633411e+05</td>\n",
       "      <td>2.751899e+04</td>\n",
       "      <td>1.359422e+08</td>\n",
       "    </tr>\n",
       "    <tr>\n",
       "      <th>std</th>\n",
       "      <td>0.165272</td>\n",
       "      <td>0.214147</td>\n",
       "      <td>3.576449</td>\n",
       "      <td>4.632749</td>\n",
       "      <td>0.111960</td>\n",
       "      <td>0.286299</td>\n",
       "      <td>0.193262</td>\n",
       "      <td>0.168531</td>\n",
       "      <td>0.245441</td>\n",
       "      <td>29.579018</td>\n",
       "      <td>1.247905e+05</td>\n",
       "      <td>2.746443e+08</td>\n",
       "      <td>1.789324e+06</td>\n",
       "      <td>1.932347e+05</td>\n",
       "      <td>2.441321e+08</td>\n",
       "    </tr>\n",
       "    <tr>\n",
       "      <th>min</th>\n",
       "      <td>0.000000</td>\n",
       "      <td>0.000020</td>\n",
       "      <td>0.000000</td>\n",
       "      <td>-46.251000</td>\n",
       "      <td>0.000000</td>\n",
       "      <td>0.000001</td>\n",
       "      <td>0.000000</td>\n",
       "      <td>0.014500</td>\n",
       "      <td>0.000000</td>\n",
       "      <td>0.000000</td>\n",
       "      <td>3.098500e+04</td>\n",
       "      <td>0.000000e+00</td>\n",
       "      <td>0.000000e+00</td>\n",
       "      <td>0.000000e+00</td>\n",
       "      <td>6.574000e+03</td>\n",
       "    </tr>\n",
       "    <tr>\n",
       "      <th>25%</th>\n",
       "      <td>0.518000</td>\n",
       "      <td>0.507000</td>\n",
       "      <td>2.000000</td>\n",
       "      <td>-8.858000</td>\n",
       "      <td>0.035700</td>\n",
       "      <td>0.045200</td>\n",
       "      <td>0.000000</td>\n",
       "      <td>0.094100</td>\n",
       "      <td>0.339000</td>\n",
       "      <td>97.002000</td>\n",
       "      <td>1.800095e+05</td>\n",
       "      <td>1.826002e+06</td>\n",
       "      <td>2.158100e+04</td>\n",
       "      <td>5.090000e+02</td>\n",
       "      <td>1.767486e+07</td>\n",
       "    </tr>\n",
       "    <tr>\n",
       "      <th>50%</th>\n",
       "      <td>0.637000</td>\n",
       "      <td>0.666000</td>\n",
       "      <td>5.000000</td>\n",
       "      <td>-6.536000</td>\n",
       "      <td>0.050500</td>\n",
       "      <td>0.193000</td>\n",
       "      <td>0.000002</td>\n",
       "      <td>0.125000</td>\n",
       "      <td>0.537000</td>\n",
       "      <td>119.965000</td>\n",
       "      <td>2.132845e+05</td>\n",
       "      <td>1.450110e+07</td>\n",
       "      <td>1.244810e+05</td>\n",
       "      <td>3.277000e+03</td>\n",
       "      <td>4.968298e+07</td>\n",
       "    </tr>\n",
       "    <tr>\n",
       "      <th>75%</th>\n",
       "      <td>0.740250</td>\n",
       "      <td>0.798000</td>\n",
       "      <td>8.000000</td>\n",
       "      <td>-4.931000</td>\n",
       "      <td>0.103000</td>\n",
       "      <td>0.477250</td>\n",
       "      <td>0.000463</td>\n",
       "      <td>0.237000</td>\n",
       "      <td>0.726250</td>\n",
       "      <td>139.935000</td>\n",
       "      <td>2.524430e+05</td>\n",
       "      <td>7.039975e+07</td>\n",
       "      <td>5.221480e+05</td>\n",
       "      <td>1.436000e+04</td>\n",
       "      <td>1.383581e+08</td>\n",
       "    </tr>\n",
       "    <tr>\n",
       "      <th>max</th>\n",
       "      <td>0.975000</td>\n",
       "      <td>1.000000</td>\n",
       "      <td>11.000000</td>\n",
       "      <td>0.920000</td>\n",
       "      <td>0.964000</td>\n",
       "      <td>0.996000</td>\n",
       "      <td>1.000000</td>\n",
       "      <td>1.000000</td>\n",
       "      <td>0.993000</td>\n",
       "      <td>243.372000</td>\n",
       "      <td>4.676058e+06</td>\n",
       "      <td>8.079649e+09</td>\n",
       "      <td>5.078865e+07</td>\n",
       "      <td>1.608314e+07</td>\n",
       "      <td>3.386520e+09</td>\n",
       "    </tr>\n",
       "  </tbody>\n",
       "</table>\n",
       "</div>"
      ],
      "text/plain": [
       "       Danceability        Energy           Key      Loudness   Speechiness  \\\n",
       "count  20716.000000  20716.000000  20716.000000  20716.000000  20716.000000   \n",
       "mean       0.619777      0.635250      5.300348     -7.671680      0.096456   \n",
       "std        0.165272      0.214147      3.576449      4.632749      0.111960   \n",
       "min        0.000000      0.000020      0.000000    -46.251000      0.000000   \n",
       "25%        0.518000      0.507000      2.000000     -8.858000      0.035700   \n",
       "50%        0.637000      0.666000      5.000000     -6.536000      0.050500   \n",
       "75%        0.740250      0.798000      8.000000     -4.931000      0.103000   \n",
       "max        0.975000      1.000000     11.000000      0.920000      0.964000   \n",
       "\n",
       "       Acousticness  Instrumentalness      Liveness       Valence  \\\n",
       "count  20716.000000      20716.000000  20716.000000  20716.000000   \n",
       "mean       0.291535          0.055962      0.193521      0.529853   \n",
       "std        0.286299          0.193262      0.168531      0.245441   \n",
       "min        0.000001          0.000000      0.014500      0.000000   \n",
       "25%        0.045200          0.000000      0.094100      0.339000   \n",
       "50%        0.193000          0.000002      0.125000      0.537000   \n",
       "75%        0.477250          0.000463      0.237000      0.726250   \n",
       "max        0.996000          1.000000      1.000000      0.993000   \n",
       "\n",
       "              Tempo   Duration_ms         Views         Likes      Comments  \\\n",
       "count  20716.000000  2.071600e+04  2.024800e+04  2.017700e+04  2.014900e+04   \n",
       "mean     120.638340  2.247176e+05  9.393782e+07  6.633411e+05  2.751899e+04   \n",
       "std       29.579018  1.247905e+05  2.746443e+08  1.789324e+06  1.932347e+05   \n",
       "min        0.000000  3.098500e+04  0.000000e+00  0.000000e+00  0.000000e+00   \n",
       "25%       97.002000  1.800095e+05  1.826002e+06  2.158100e+04  5.090000e+02   \n",
       "50%      119.965000  2.132845e+05  1.450110e+07  1.244810e+05  3.277000e+03   \n",
       "75%      139.935000  2.524430e+05  7.039975e+07  5.221480e+05  1.436000e+04   \n",
       "max      243.372000  4.676058e+06  8.079649e+09  5.078865e+07  1.608314e+07   \n",
       "\n",
       "             Stream  \n",
       "count  2.014200e+04  \n",
       "mean   1.359422e+08  \n",
       "std    2.441321e+08  \n",
       "min    6.574000e+03  \n",
       "25%    1.767486e+07  \n",
       "50%    4.968298e+07  \n",
       "75%    1.383581e+08  \n",
       "max    3.386520e+09  "
      ]
     },
     "execution_count": 6,
     "metadata": {},
     "output_type": "execute_result"
    }
   ],
   "source": [
    "df = raw_data.copy()# sao chép dữ liệu ban đầu\n",
    "\n",
    "# Lấy nhưng thuộc tính(cột) có giá trị số\n",
    "numeric_columns = df.select_dtypes(include=[np.number]).columns.tolist()\n",
    "descriptive_stats = df[numeric_columns].describe()# mô tả dữ liệu trong thuộc tính(cột)\n",
    "descriptive_stats"
   ]
  },
  {
   "cell_type": "code",
   "execution_count": 7,
   "metadata": {},
   "outputs": [
    {
     "data": {
      "application/vnd.plotly.v1+json": {
       "config": {
        "linkText": "Export to plot.ly",
        "plotlyServerURL": "https://plot.ly",
        "showLink": false
       },
       "data": [
        {
         "colorscale": [
          [
           0,
           "rgb(0,0,0)"
          ],
          [
           0.25,
           "rgb(230,0,0)"
          ],
          [
           0.5,
           "rgb(230,210,0)"
          ],
          [
           0.75,
           "rgb(255,255,255)"
          ],
          [
           1,
           "rgb(160,200,255)"
          ]
         ],
         "hoverinfo": "z",
         "reversescale": false,
         "showscale": true,
         "type": "heatmap",
         "x": [
          "Danceability",
          "Energy",
          "Key",
          "Loudness",
          "Speechiness",
          "Acousticness",
          "Instrumentalness",
          "Liveness",
          "Valence",
          "Tempo",
          "Duration_ms",
          "Views",
          "Likes",
          "Comments",
          "Stream"
         ],
         "y": [
          "Danceability",
          "Energy",
          "Key",
          "Loudness",
          "Speechiness",
          "Acousticness",
          "Instrumentalness",
          "Liveness",
          "Valence",
          "Tempo",
          "Duration_ms",
          "Views",
          "Likes",
          "Comments",
          "Stream"
         ],
         "z": [
          [
           1,
           0.2365959574607718,
           0.03773503772189254,
           0.3534076904268798,
           0.21037568425665473,
           -0.2794351799817604,
           -0.3186109619133603,
           -0.08448225808076673,
           0.4657559739593546,
           -0.06594322252635562,
           -0.08915932336614073,
           0.0885461809280197,
           0.09939559132042344,
           0.04393977025920053,
           0.07337514004570202
          ],
          [
           0.2365959574607718,
           1,
           0.030160447997193515,
           0.7448445555528432,
           0.06531863773557099,
           -0.6583041081996136,
           -0.3100582549867089,
           0.17371732087576036,
           0.38915788688190006,
           0.157382821206935,
           0.022659634638078654,
           0.06757502914820876,
           0.06282432831525044,
           0.044702695023965344,
           0.044239115376719144
          ],
          [
           0.03773503772189254,
           0.030160447997193515,
           1,
           0.02526578560976646,
           0.019778162642965082,
           -0.030817516101291517,
           0.0007466754407711051,
           -0.011008075031597613,
           0.042558940804629464,
           0.0018549480935755426,
           0.003186314476521758,
           0.007766876968507938,
           0.006751148885135517,
           0.0070412186836169895,
           -0.006287350139904106
          ],
          [
           0.3534076904268798,
           0.7448445555528432,
           0.02526578560976646,
           1,
           0.03369863244674201,
           -0.5476799302580233,
           -0.5454059422544243,
           0.08706152945184333,
           0.31157811545268904,
           0.1447661611256712,
           0.012063274186205565,
           0.11924379780932125,
           0.12488715342541828,
           0.059626066236052926,
           0.11869467838718328
          ],
          [
           0.21037568425665473,
           0.06531863773557099,
           0.019778162642965082,
           0.03369863244674201,
           1,
           -0.077597547673305,
           -0.10989517105624974,
           0.08546340662645717,
           0.05920406321722575,
           0.037552584222612664,
           -0.051248313495199926,
           -0.013239893281732461,
           0.007495241277220751,
           0.008122449885264348,
           -0.01623910279958841
          ],
          [
           -0.2794351799817604,
           -0.6583041081996136,
           -0.030817516101291517,
           -0.5476799302580233,
           -0.077597547673305,
           1,
           0.2743786770460627,
           -0.04092170901599276,
           -0.20081618189781836,
           -0.1293665050572354,
           -0.02883394118065775,
           -0.07123998370015959,
           -0.07859132674068021,
           -0.05238052674655627,
           -0.10484289945759984
          ],
          [
           -0.3186109619133603,
           -0.3100582549867089,
           0.0007466754407711051,
           -0.5454059422544243,
           -0.10989517105624974,
           0.2743786770460627,
           1,
           -0.06002142584388176,
           -0.269785479100989,
           -0.07673438003883885,
           -0.007283877011729147,
           -0.07840516833555851,
           -0.07842748071110721,
           -0.031468010096040215,
           -0.0919418357027163
          ],
          [
           -0.08448225808076673,
           0.17371732087576036,
           -0.011008075031597613,
           0.08706152945184333,
           0.08546340662645717,
           -0.04092170901599276,
           -0.06002142584388176,
           1,
           0.031904140675421334,
           0.00666981034184639,
           -0.004970080777676107,
           -0.01571514815714206,
           -0.022740231663002968,
           -0.01304576186845365,
           -0.03961675469356484
          ],
          [
           0.4657559739593546,
           0.38915788688190006,
           0.042558940804629464,
           0.31157811545268904,
           0.05920406321722575,
           -0.20081618189781836,
           -0.269785479100989,
           0.031904140675421334,
           1,
           0.09043182327354737,
           -0.05233083652872127,
           0.03542303191912835,
           0.011863764930742786,
           0.017381412015886298,
           -0.012109291352002146
          ],
          [
           -0.06594322252635562,
           0.157382821206935,
           0.0018549480935755426,
           0.1447661611256712,
           0.037552584222612664,
           -0.1293665050572354,
           -0.07673438003883885,
           0.00666981034184639,
           0.09043182327354737,
           1,
           -0.013659557234233004,
           0.000013117348323422157,
           0.003679912350585828,
           0.008420269707598226,
           0.002503630008879789
          ],
          [
           -0.08915932336614073,
           0.022659634638078654,
           0.003186314476521758,
           0.012063274186205565,
           -0.051248313495199926,
           -0.02883394118065775,
           -0.007283877011729147,
           -0.004970080777676107,
           -0.05233083652872127,
           -0.013659557234233004,
           1,
           0.02169269555626928,
           0.005554961739238934,
           -0.0016225650282659433,
           -0.010443843918906038
          ],
          [
           0.0885461809280197,
           0.06757502914820876,
           0.007766876968507938,
           0.11924379780932125,
           -0.013239893281732461,
           -0.07123998370015959,
           -0.07840516833555851,
           -0.01571514815714206,
           0.03542303191912835,
           0.000013117348323422157,
           0.02169269555626928,
           1,
           0.8911011847836192,
           0.43118485188394273,
           0.6019047935128972
          ],
          [
           0.09939559132042344,
           0.06282432831525044,
           0.006751148885135517,
           0.12488715342541828,
           0.007495241277220751,
           -0.07859132674068021,
           -0.07842748071110721,
           -0.022740231663002968,
           0.011863764930742786,
           0.003679912350585828,
           0.005554961739238934,
           0.8911011847836192,
           1,
           0.6316704754467537,
           0.6542471578316541
          ],
          [
           0.04393977025920053,
           0.044702695023965344,
           0.0070412186836169895,
           0.059626066236052926,
           0.008122449885264348,
           -0.05238052674655627,
           -0.031468010096040215,
           -0.01304576186845365,
           0.017381412015886298,
           0.008420269707598226,
           -0.0016225650282659433,
           0.43118485188394273,
           0.6316704754467537,
           1,
           0.26773684363526623
          ],
          [
           0.07337514004570202,
           0.044239115376719144,
           -0.006287350139904106,
           0.11869467838718328,
           -0.01623910279958841,
           -0.10484289945759984,
           -0.0919418357027163,
           -0.03961675469356484,
           -0.012109291352002146,
           0.002503630008879789,
           -0.010443843918906038,
           0.6019047935128972,
           0.6542471578316541,
           0.26773684363526623,
           1
          ]
         ]
        }
       ],
       "layout": {
        "annotations": [
         {
          "font": {
           "color": "#000000"
          },
          "showarrow": false,
          "text": "1.0",
          "x": "Danceability",
          "xref": "x",
          "y": "Danceability",
          "yref": "y"
         },
         {
          "font": {
           "color": "#000000"
          },
          "showarrow": false,
          "text": "0.24",
          "x": "Energy",
          "xref": "x",
          "y": "Danceability",
          "yref": "y"
         },
         {
          "font": {
           "color": "#FFFFFF"
          },
          "showarrow": false,
          "text": "0.04",
          "x": "Key",
          "xref": "x",
          "y": "Danceability",
          "yref": "y"
         },
         {
          "font": {
           "color": "#000000"
          },
          "showarrow": false,
          "text": "0.35",
          "x": "Loudness",
          "xref": "x",
          "y": "Danceability",
          "yref": "y"
         },
         {
          "font": {
           "color": "#000000"
          },
          "showarrow": false,
          "text": "0.21",
          "x": "Speechiness",
          "xref": "x",
          "y": "Danceability",
          "yref": "y"
         },
         {
          "font": {
           "color": "#FFFFFF"
          },
          "showarrow": false,
          "text": "-0.28",
          "x": "Acousticness",
          "xref": "x",
          "y": "Danceability",
          "yref": "y"
         },
         {
          "font": {
           "color": "#FFFFFF"
          },
          "showarrow": false,
          "text": "-0.32",
          "x": "Instrumentalness",
          "xref": "x",
          "y": "Danceability",
          "yref": "y"
         },
         {
          "font": {
           "color": "#FFFFFF"
          },
          "showarrow": false,
          "text": "-0.08",
          "x": "Liveness",
          "xref": "x",
          "y": "Danceability",
          "yref": "y"
         },
         {
          "font": {
           "color": "#000000"
          },
          "showarrow": false,
          "text": "0.47",
          "x": "Valence",
          "xref": "x",
          "y": "Danceability",
          "yref": "y"
         },
         {
          "font": {
           "color": "#FFFFFF"
          },
          "showarrow": false,
          "text": "-0.07",
          "x": "Tempo",
          "xref": "x",
          "y": "Danceability",
          "yref": "y"
         },
         {
          "font": {
           "color": "#FFFFFF"
          },
          "showarrow": false,
          "text": "-0.09",
          "x": "Duration_ms",
          "xref": "x",
          "y": "Danceability",
          "yref": "y"
         },
         {
          "font": {
           "color": "#FFFFFF"
          },
          "showarrow": false,
          "text": "0.09",
          "x": "Views",
          "xref": "x",
          "y": "Danceability",
          "yref": "y"
         },
         {
          "font": {
           "color": "#FFFFFF"
          },
          "showarrow": false,
          "text": "0.1",
          "x": "Likes",
          "xref": "x",
          "y": "Danceability",
          "yref": "y"
         },
         {
          "font": {
           "color": "#FFFFFF"
          },
          "showarrow": false,
          "text": "0.04",
          "x": "Comments",
          "xref": "x",
          "y": "Danceability",
          "yref": "y"
         },
         {
          "font": {
           "color": "#FFFFFF"
          },
          "showarrow": false,
          "text": "0.07",
          "x": "Stream",
          "xref": "x",
          "y": "Danceability",
          "yref": "y"
         },
         {
          "font": {
           "color": "#000000"
          },
          "showarrow": false,
          "text": "0.24",
          "x": "Danceability",
          "xref": "x",
          "y": "Energy",
          "yref": "y"
         },
         {
          "font": {
           "color": "#000000"
          },
          "showarrow": false,
          "text": "1.0",
          "x": "Energy",
          "xref": "x",
          "y": "Energy",
          "yref": "y"
         },
         {
          "font": {
           "color": "#FFFFFF"
          },
          "showarrow": false,
          "text": "0.03",
          "x": "Key",
          "xref": "x",
          "y": "Energy",
          "yref": "y"
         },
         {
          "font": {
           "color": "#000000"
          },
          "showarrow": false,
          "text": "0.74",
          "x": "Loudness",
          "xref": "x",
          "y": "Energy",
          "yref": "y"
         },
         {
          "font": {
           "color": "#FFFFFF"
          },
          "showarrow": false,
          "text": "0.07",
          "x": "Speechiness",
          "xref": "x",
          "y": "Energy",
          "yref": "y"
         },
         {
          "font": {
           "color": "#FFFFFF"
          },
          "showarrow": false,
          "text": "-0.66",
          "x": "Acousticness",
          "xref": "x",
          "y": "Energy",
          "yref": "y"
         },
         {
          "font": {
           "color": "#FFFFFF"
          },
          "showarrow": false,
          "text": "-0.31",
          "x": "Instrumentalness",
          "xref": "x",
          "y": "Energy",
          "yref": "y"
         },
         {
          "font": {
           "color": "#000000"
          },
          "showarrow": false,
          "text": "0.17",
          "x": "Liveness",
          "xref": "x",
          "y": "Energy",
          "yref": "y"
         },
         {
          "font": {
           "color": "#000000"
          },
          "showarrow": false,
          "text": "0.39",
          "x": "Valence",
          "xref": "x",
          "y": "Energy",
          "yref": "y"
         },
         {
          "font": {
           "color": "#FFFFFF"
          },
          "showarrow": false,
          "text": "0.16",
          "x": "Tempo",
          "xref": "x",
          "y": "Energy",
          "yref": "y"
         },
         {
          "font": {
           "color": "#FFFFFF"
          },
          "showarrow": false,
          "text": "0.02",
          "x": "Duration_ms",
          "xref": "x",
